atr_expansion   ASIA     0.50 1.50    2    0.0   0.00  -1.004     -11      95   10.1   5.34    5.1
atr_expansion   ASIA     0.50 2.50    2    0.0   0.00  -1.004     -11      95   10.1   5.34    5.1
atr_expansion   ASIA     0.75 2.25    1    0.0   0.00  -1.003      -8      98    7.1   7.49    7.1
atr_expansion   ASIA     0.75 3.00    1    0.0   0.00  -1.003      -8      98    7.1   7.49    7.1
atr_expansion   ASIA     1.00 2.00    1    0.0   0.00  -1.002     -10      96    9.5   9.98    9.4
atr_expansion   ASIA     1.00 3.00    1    0.0   0.00  -1.002     -10      96    9.5   9.98    9.4
atr_expansion   ASIA     1.50 2.00    1    0.0   0.00  -1.001     -15      91   14.2  14.97   14.2
atr_expansion   ASIA     1.50 3.00    1    0.0   0.00  -1.001     -15      91   14.2  14.97   14.2
atr_expansion   ASIA     1.50 4.50    1    0.0   0.00  -1.001     -15      91   14.2  14.97   14.2
atr_expansion   ASIA     2.00 3.00    1    0.0   0.00  -1.001     -20      86   18.9  19.96   18.9
atr_expansion   ASIA     2.00 4.00    1    0.0   0.00  -1.001     -20      86   18.9  19.96   18.9
atr_expansion   LATE     0.50 1.50    1    0.0   0.00  -1.003      -7      98    6.9   7.30    6.9
atr_expansion   LATE     0.50 2.50    1    0.0   0.00  -1.003      -7      98    6.9   7.30    6.9
atr_expansion   LATE     0.75 2.25    1    0.0   0.00  -1.002     -11      95   10.4  10.95   10.4
atr_expansion   LATE     0.75 3.00    1    0.0   0.00  -1.002     -11      95   10.4  10.95   10.4
atr_expansion   LATE     1.00 2.00    1    0.0   0.00  -1.001     -15      91   13.8  14.60   13.8
atr_expansion   LATE     1.00 3.00    1    0.0   0.00  -1.001     -15      91   13.8  14.60   13.8
atr_expansion   LATE     1.50 2.00    1    0.0   0.00  -1.001     -22      84   20.7  21.90   20.7
atr_expansion   LATE     1.50 3.00    1    0.0   0.00  -1.001     -22      84   20.7  21.90   20.7
atr_expansion   LATE     1.50 4.50    1    0.0   0.00  -1.001     -22      84   20.7  21.90   20.7
atr_expansion   LATE     2.00 3.00    1    0.0   0.00  -1.001     -29      77   27.6  29.19   27.6
atr_expansion   LATE     2.00 4.00    1    0.0   0.00  -1.001     -29      77   27.6  29.19   27.6
ema_stack       ASIA     0.50 1.50  443   28.7   1.15   0.143     188      79   49.6   3.95    3.7
ema_stack       ASIA     0.50 2.50  292   19.9   1.18   0.187     164      96   45.8   3.76    3.6
ema_stack       ASIA     0.75 2.25  264   28.8   1.15   0.149     163      91   48.2   5.77    5.5
ema_stack       ASIA     0.75 3.00  223   23.3   1.18   0.163     178      91   43.5   5.63    5.3
ema_stack       ASIA     1.00 2.00  238   37.4   1.11   0.120     124      99   56.6   7.65    7.2
ema_stack       ASIA     1.00 3.00  189   29.6   1.20   0.183     209      99   43.7   7.66    7.2
ema_stack       ASIA     1.50 2.00  209   50.2   1.26   0.171     324      96   32.5  11.44   10.8
ema_stack       ASIA     1.50 3.00  140   40.0   1.19   0.199     190      95   45.0  11.25   10.6
ema_stack       ASIA     1.50 4.50  111   33.3   1.30   0.332     265      96   39.1  11.29   10.7
ema_stack       ASIA     2.00 3.00  119   44.5   1.05   0.113      51      93   63.1  15.02   14.2
ema_stack       ASIA     2.00 4.00  108   40.7   1.17   0.221     173      93   48.5  15.17   14.3
ema_stack       LATE     0.50 1.50   75   24.0   0.99  -0.043      -2      48   54.9   5.31    5.0
ema_stack       LATE     0.50 2.50   72   19.4   1.21   0.163      65      56   49.0   5.25    5.0
ema_stack       LATE     0.75 2.25   51   25.5   1.06   0.018      17      30   71.7   7.80    7.4
ema_stack       LATE     0.75 3.00   54   20.4   1.13   0.016      44      30   71.7   7.80    7.4
ema_stack       LATE     1.00 2.00    9    0.0   0.00  -1.002     -93      13   88.0  10.32    9.8
ema_stack       LATE     1.00 3.00    9    0.0   0.00  -1.002     -93      13   88.0  10.32    9.8
ema_stack       LATE     1.50 2.00   41   41.5   0.93  -0.033     -27      34   81.5  15.53   14.7
ema_stack       LATE     1.50 3.00   35   34.3   1.09   0.028      32      37   65.1  15.68   14.8
ema_stack       LATE     1.50 4.50   37   27.0   1.22   0.080      92      37   65.1  15.62   14.8
ema_stack       LATE     2.00 3.00   31   45.2   1.23   0.128      84      30   71.9  21.27   20.1
ema_stack       LATE     2.00 4.00   31   41.9   1.46   0.257     177      30   71.9  21.27   20.1
ema_stack       LONDON   0.50 1.50   94   26.6   1.08   0.060      22      43   65.4   4.22    4.0
ema_stack       LONDON   0.50 2.50   83   18.1   1.12   0.080      35      80   50.2   4.15    3.9
ema_stack       LONDON   0.75 2.25   72   25.0   1.07  -0.003      22      66   60.7   6.19    5.9
ema_stack       LONDON   0.75 3.00   70   22.9   1.29   0.140      93      95   37.8   6.15    5.8
ema_stack       LONDON   1.00 2.00   70   34.3   1.08   0.027      30      75   61.6   8.21    7.8
ema_stack       LONDON   1.00 3.00   63   28.6   1.23   0.141      84     100   45.0   8.25    7.8
ema_stack       LONDON   1.50 2.00   65   49.2   1.40   0.148     159     106   37.3  12.60   11.9
ema_stack       LONDON   1.50 3.00   52   38.5   1.28   0.153     109     106   38.1  12.38   11.7
ema_stack       LONDON   1.50 4.50   42   33.3   1.53   0.332     181      97   35.1  12.30   11.6
ema_stack       LONDON   2.00 3.00   50   50.0   1.48   0.249     197     106   28.6  16.17   15.3
ema_stack       LONDON   2.00 4.00   42   40.5   1.30   0.214     124     106   33.7  16.39   15.5
ema_stack       NY       0.50 1.50   64   17.2   0.67  -0.316     -86      19   85.5   5.05    4.8
ema_stack       NY       0.50 2.50   72   11.1   0.72  -0.337     -84      22   82.9   4.82    4.6
ema_stack       NY       0.75 2.25   68   20.6   0.89  -0.179     -41      29   72.3   7.17    6.8
ema_stack       NY       0.75 3.00   70   15.7   0.88  -0.217     -48      29   72.3   7.07    6.7
ema_stack       NY       1.00 2.00   51   25.5   0.76  -0.237     -88      18   85.1   9.79    9.3
ema_stack       NY       1.00 3.00   69   24.6   1.09  -0.016      44      51   51.9   9.52    9.0
ema_stack       NY       1.50 2.00   21   28.6   0.59  -0.334     -90      16   86.0  14.93   14.1
ema_stack       NY       1.50 3.00   59   33.9   1.11   0.016      58      24   77.7  14.28   13.5
ema_stack       NY       1.50 4.50    7    0.0   0.00  -1.001     -96      10   90.4  13.64   12.9
ema_stack       NY       2.00 3.00   20   30.0   0.66  -0.251     -92      13   91.5  19.22   18.2
ema_stack       NY       2.00 4.00    5    0.0   0.00  -1.001     -88      18   83.2  17.57   16.6
fvg             ASIA     0.50 1.50  104   20.2   0.73  -0.197     -87      19   83.9   3.78    3.6
fvg             ASIA     0.50 2.50  174   19.0   1.12   0.133      62      69   45.6   3.73    3.5
fvg             ASIA     0.75 2.25   77   20.8   0.74  -0.172     -90      16   87.7   5.61    5.3
fvg             ASIA     0.75 3.00  164   25.6   1.29   0.278     201     106   39.7   5.63    5.3
fvg             ASIA     1.00 2.00   28   21.4   0.49  -0.359     -94      12   90.2   8.17    7.7
fvg             ASIA     1.00 3.00  111   24.3   0.90  -0.029     -65      33   82.6   7.41    7.0
fvg             ASIA     1.50 2.00  166   47.0   1.16   0.095     165     106   47.8  11.36   10.7
fvg             ASIA     1.50 3.00  145   40.0   1.33   0.199     322     106   42.4  11.25   10.6
fvg             ASIA     1.50 4.50  128   31.2   1.33   0.249     336     106   38.6  11.36   10.7
fvg             ASIA     2.00 3.00  118   41.5   1.01   0.037      14      72   80.3  14.83   14.0
fvg             ASIA     2.00 4.00  120   40.0   1.28   0.199     306     106   45.1  15.05   14.2
fvg             LATE     0.50 1.50   57   21.1   0.81  -0.162     -39      66   42.0   4.49    4.2
fvg             LATE     0.50 2.50   37    8.1   0.44  -0.518     -88      18   83.2   4.56    4.3
fvg             LATE     0.75 2.25   44   22.7   0.80  -0.093     -49      39   69.9   7.10    6.7
fvg             LATE     0.75 3.00   43   16.3   0.70  -0.189     -78      28   80.6   7.07    6.7
fvg             LATE     1.00 2.00   43   30.2   0.83  -0.095     -49      57   68.0   9.28    8.8
fvg             LATE     1.00 3.00   41   22.0   0.83  -0.124     -50      56   73.8   9.25    8.7
fvg             LATE     1.50 2.00   40   40.0   0.84  -0.068     -56      25   85.6  13.98   13.2
fvg             LATE     1.50 3.00   35   28.6   0.77  -0.144     -80      23   88.9  14.13   13.4
fvg             LATE     1.50 4.50   37   24.3   1.00  -0.028       1      83   71.5  14.02   13.3
fvg             LATE     2.00 3.00   36   41.7   1.11   0.041      44      75   54.0  19.27   18.2
fvg             LATE     2.00 4.00   37   35.1   1.14   0.053      60      75   57.5  18.75   17.7
fvg             LONDON   0.50 1.50   91   31.9   1.37   0.271      91      84   53.4   3.91    3.7
fvg             LONDON   0.50 2.50   70   15.7   0.90  -0.062     -23      37   65.3   3.89    3.7
fvg             LONDON   0.75 2.25   65   27.7   1.11   0.105      30      62   57.4   5.87    5.6
fvg             LONDON   0.75 3.00   44   13.6   0.63  -0.321     -85      21   82.8   5.99    5.7
fvg             LONDON   1.00 2.00   63   38.1   1.22   0.141      68      47   55.5   7.86    7.4
fvg             LONDON   1.00 3.00   54   29.6   1.21   0.183      64      41   61.5   7.79    7.4
fvg             LONDON   1.50 2.00   59   47.5   1.21   0.106      77      24   77.1  11.68   11.0
fvg             LONDON   1.50 3.00   10   10.0   0.20  -0.702     -87      18   82.7  12.00   11.3
fvg             LONDON   1.50 4.50   51   25.5   1.05   0.018      21      24   81.3  11.67   11.0
fvg             LONDON   2.00 3.00   10   20.0   0.34  -0.501     -86      20   81.3  15.99   15.1
fvg             LONDON   2.00 4.00   27   25.9   0.72  -0.223     -91      15   87.5  16.37   15.5
fvg             NY       0.50 1.50  112   27.7   1.20   0.104      76     100   42.0   4.83    4.6
fvg             NY       0.50 2.50  110   23.6   1.66   0.415     269     106   28.5   4.91    4.6
fvg             NY       0.75 2.25   24   12.5   0.44  -0.503     -88      18   85.7   7.45    7.0
fvg             NY       0.75 3.00   87   21.8   1.18   0.090      89      51   51.3   7.25    6.9
fvg             NY       1.00 2.00   15   13.3   0.31  -0.602     -87      19   84.7   9.59    9.1
fvg             NY       1.00 3.00   59   22.0   0.84  -0.120     -69      32   73.9   9.51    9.0
fvg             NY       1.50 2.00   20   30.0   0.53  -0.301    -103       3   97.7  15.19   14.4
fvg             NY       1.50 3.00   38   26.3   0.76  -0.212     -91      15   89.4  13.94   13.2
fvg             NY       1.50 4.50   21   14.3   0.61  -0.430     -97       9   95.2  14.32   13.5
fvg             NY       2.00 3.00   19   31.6   0.67  -0.211     -91      14   91.0  21.04   19.9
fvg             NY       2.00 4.00   21   23.8   0.69  -0.287    -101       5   97.5  20.48   19.4
hhll_structure  ASIA     0.50 1.50  378   27.8   1.10   0.107     107      93   44.2   3.88    3.7
hhll_structure  ASIA     0.50 2.50  250   17.6   0.98   0.051     -16      50   65.5   3.81    3.6
hhll_structure  ASIA     0.75 2.25  215   27.0   1.02   0.076      18     106   60.7   5.81    5.5
hhll_structure  ASIA     0.75 3.00  187   23.5   1.15   0.174     127     106   45.9   5.82    5.5
hhll_structure  ASIA     1.00 2.00  189   34.4   0.97   0.030     -25      55   66.9   7.75    7.3
hhll_structure  ASIA     1.00 3.00  164   27.4   1.09   0.096      85     106   51.2   7.58    7.2
hhll_structure  ASIA     1.50 2.00  198   48.0   1.13   0.119     160     106   51.3  11.60   11.0
hhll_structure  ASIA     1.50 3.00  138   38.4   1.13   0.151     131     106   50.8  11.39   10.8
hhll_structure  ASIA     1.50 4.50  121   32.2   1.30   0.288     294     106   37.1  11.41   10.8
hhll_structure  ASIA     2.00 3.00  106   42.5   0.99   0.061     -10      75   75.3  15.10   14.3
hhll_structure  ASIA     2.00 4.00  112   39.3   1.17   0.178     185     106   39.6  15.03   14.2
hhll_structure  LATE     0.50 1.50   89   27.0   1.09   0.075      29      97   29.4   4.79    4.5
hhll_structure  LATE     0.50 2.50   82   20.7   1.35   0.240     109      96   29.6   4.82    4.6
hhll_structure  LATE     0.75 2.25   61   27.9   1.22   0.113      69      91   50.3   7.16    6.8
hhll_structure  LATE     0.75 3.00   57   26.3   1.47   0.314     141      85   32.7   7.21    6.8
hhll_structure  LATE     1.00 2.00   47   34.0   1.06   0.020      16      39   72.2   9.52    9.0
hhll_structure  LATE     1.00 3.00   48   27.1   1.18   0.082      59      49   53.9   9.59    9.1
hhll_structure  LATE     1.50 2.00   45   44.4   1.09   0.036      32      29   82.4  14.32   13.5
hhll_structure  LATE     1.50 3.00   43   37.2   1.24   0.115      91      64   46.6  14.48   13.7
hhll_structure  LATE     1.50 4.50   43   27.9   1.29   0.115     129      64   62.7  14.55   13.8
hhll_structure  LATE     2.00 3.00   39   43.6   1.18   0.089      78      50   62.2  19.74   18.7
hhll_structure  LATE     2.00 4.00   38   39.5   1.36   0.184     160      50   54.1  19.86   18.8
hhll_structure  LONDON   0.50 1.50   65   16.9   0.61  -0.327     -86      19   83.1   4.03    3.8
hhll_structure  LONDON   0.50 2.50   62   11.3   0.62  -0.327     -87      19   86.2   4.18    4.0
hhll_structure  LONDON   0.75 2.25   30   13.3   0.43  -0.470     -90      16   86.7   6.02    5.7
hhll_structure  LONDON   0.75 3.00   28   10.7   0.42  -0.467     -91      15   87.8   6.21    5.9
hhll_structure  LONDON   1.00 2.00   34   23.5   0.58  -0.296     -92      14   87.2   8.27    7.8
hhll_structure  LONDON   1.00 3.00   39   17.9   0.64  -0.284     -91      15   88.9   7.93    7.5
hhll_structure  LONDON   1.50 2.00   62   43.5   1.12   0.015      48      38   73.7  12.00   11.3
hhll_structure  LONDON   1.50 3.00   56   35.7   1.18   0.070      74      52   67.8  11.72   11.1
hhll_structure  LONDON   1.50 4.50   49   28.6   1.20   0.142      83      55   63.1  11.76   11.1
hhll_structure  LONDON   2.00 3.00   53   41.5   1.13   0.037      64      62   68.2  15.76   14.9
hhll_structure  LONDON   2.00 4.00   49   38.8   1.33   0.162     156     106   50.8  15.89   15.0
hhll_structure  NY       0.50 1.50   62   19.4   0.66  -0.229     -86      20   83.7   4.99    4.7
hhll_structure  NY       0.50 2.50  114   14.9   0.85  -0.109     -71      30   78.9   4.84    4.6
hhll_structure  NY       0.75 2.25  105   23.8   0.94  -0.050     -30      36   76.9   6.84    6.5
hhll_structure  NY       0.75 3.00   97   20.6   1.08   0.028      44      49   71.0   6.79    6.4
hhll_structure  NY       1.00 2.00   28   21.4   0.54  -0.359     -91      14   87.5   8.97    8.5
hhll_structure  NY       1.00 3.00   42   16.7   0.71  -0.335     -91      14   88.7   9.33    8.8
hhll_structure  NY       1.50 2.00   27   33.3   0.62  -0.223     -96       9   94.0  13.56   12.8
hhll_structure  NY       1.50 3.00   37   27.0   0.75  -0.190     -96       9   94.6  14.56   13.8
hhll_structure  NY       1.50 4.50   22   18.2   0.66  -0.274     -90      16   91.5  14.78   14.0
hhll_structure  NY       2.00 3.00   17   29.4   0.60  -0.265     -94      12   92.3  19.33   18.3
hhll_structure  NY       2.00 4.00   14   21.4   0.56  -0.358     -94      12   91.9  19.39   18.3
low_vol_revert  ASIA     0.50 1.50   12   25.0   1.10  -0.005       3     102   10.1   2.98    2.8
low_vol_revert  ASIA     0.50 2.50   12   25.0   1.83   0.495      22     102    8.7   2.98    2.8
low_vol_revert  ASIA     0.75 2.25    9   33.3   1.71   0.330      18     106   10.0   4.43    4.2
low_vol_revert  ASIA     0.75 3.00    9   33.3   2.28   0.663      33     106    9.4   4.43    4.2
low_vol_revert  ASIA     1.00 2.00    9   33.3   1.14  -0.002       5     103   14.2   5.91    5.6
low_vol_revert  ASIA     1.00 3.00    9   33.3   1.71   0.331      24     106   12.5   5.91    5.6
low_vol_revert  ASIA     1.50 2.00    7   42.9   1.11  -0.001       4     102   14.3   9.13    8.6
low_vol_revert  ASIA     1.50 3.00    7   42.9   1.66   0.284      23     106   13.3   9.13    8.6
low_vol_revert  ASIA     1.50 4.50    7   42.9   2.49   0.713      52     106   12.3   9.13    8.6
low_vol_revert  ASIA     2.00 3.00    7   42.9   1.25   0.070      11     104   17.7  12.17   11.5
low_vol_revert  ASIA     2.00 4.00    7   42.9   1.66   0.285      31     106   16.8  12.17   11.5
orb             ASIA     0.50 1.50  226   24.8   1.00  -0.013      -2      65   68.0   3.75    3.5
orb             ASIA     0.50 2.50  203   18.7   1.09   0.119      53      62   61.5   3.66    3.5
orb             ASIA     0.75 2.25  203   28.1   1.13   0.120     104      98   36.5   5.55    5.3
orb             ASIA     0.75 3.00  185   23.2   1.14   0.159     114     106   38.5   5.57    5.3
orb             ASIA     1.00 2.00  170   34.1   0.97   0.022     -24      82   63.7   7.43    7.0
orb             ASIA     1.00 3.00  166   27.7   1.06   0.106      53     106   48.5   7.50    7.1
orb             ASIA     1.50 2.00  164   42.1   0.94  -0.019     -64      42   86.8  11.39   10.8
orb             ASIA     1.50 3.00  128   32.8   0.94  -0.017     -60      46   84.1  11.08   10.5
orb             ASIA     1.50 4.50  131   26.7   1.08   0.067      90     106   59.9  11.11   10.5
orb             ASIA     2.00 3.00  112   38.4   0.91  -0.041     -89      16   94.3  14.86   14.1
orb             ASIA     2.00 4.00  117   34.2   1.03   0.025      36     106   66.7  14.73   13.9
orb             LATE     0.50 1.50   61   27.9   1.13   0.111      27      92   25.0   4.61    4.4
orb             LATE     0.50 2.50   53   15.1   0.88  -0.098     -26      61   49.2   4.62    4.4
orb             LATE     0.75 2.25   47   29.8   1.30   0.189      71      92   27.8   7.12    6.7
orb             LATE     0.75 3.00   46   21.7   1.21   0.085      53      92   26.5   7.15    6.8
orb             LATE     1.00 2.00   46   37.0   1.25   0.107      67      88   27.3   9.55    9.0
orb             LATE     1.00 3.00   43   25.6   1.12   0.022      37      88   34.5   9.54    9.0
orb             LATE     1.50 2.00   42   50.0   1.35   0.166     106      98   28.4  14.44   13.7
orb             LATE     1.50 3.00   34   32.4   1.00  -0.030      -1      98   66.1  14.53   13.7
orb             LATE     1.50 4.50   39   28.2   1.31   0.127     121      98   43.9  14.54   13.7
orb             LATE     2.00 3.00   34   44.1   1.13   0.102      51      96   44.5  19.61   18.5
orb             LATE     2.00 4.00   39   43.6   1.61   0.307     256      96   26.1  19.36   18.3
orb             LONDON   0.50 1.50   40   10.0   0.40  -0.605     -89      17   83.8   4.16    3.9
orb             LONDON   0.50 2.50   92   16.3   1.02  -0.026       7      50   60.8   3.90    3.7
orb             LONDON   0.75 2.25   54   16.7   0.66  -0.336     -88      18   88.6   5.90    5.6
orb             LONDON   0.75 3.00   49   12.2   0.66  -0.391     -85      20   86.1   5.86    5.5
orb             LONDON   1.00 2.00   11    0.0   0.00  -1.003     -88      18   82.9   7.95    7.5
orb             LONDON   1.00 3.00   11    0.0   0.00  -1.003     -88      18   82.9   7.95    7.5
orb             LONDON   1.50 2.00   68   41.2   0.96  -0.040     -19      27   80.7  11.82   11.2
orb             LONDON   1.50 3.00   40   25.0   0.75  -0.251     -87      19   87.9  12.12   11.5
orb             LONDON   1.50 4.50   37   18.9   0.75  -0.245     -89      17   88.6  12.09   11.4
orb             LONDON   2.00 3.00   63   39.7   0.98  -0.009     -10      45   77.4  15.73   14.9
orb             LONDON   2.00 4.00   58   34.5   1.01   0.034       6      38   74.7  15.65   14.8
orb             NY       0.50 1.50   35   11.4   0.40  -0.547     -91      15   85.9   4.92    4.7
orb             NY       0.50 2.50   43    9.3   0.53  -0.446     -87      19   83.9   4.75    4.5
orb             NY       0.75 2.25  100   26.0   1.16   0.038      80      33   73.6   6.77    6.4
orb             NY       0.75 3.00  105   22.9   1.30   0.140     164      65   65.6   6.81    6.4
orb             NY       1.00 2.00   30   23.3   0.59  -0.302     -86      19   81.7   9.10    8.6
orb             NY       1.00 3.00   91   29.7   1.34   0.185     196      50   62.1   9.02    8.5
orb             NY       1.50 2.00   28   32.1   0.65  -0.251     -93      13   89.3  14.03   13.3
orb             NY       1.50 3.00   85   35.3   1.23   0.058     162      43   59.5  13.37   12.6
orb             NY       1.50 4.50    7    0.0   0.00  -1.002     -90      16   85.1  12.84   12.1
orb             NY       2.00 3.00   32   34.4   0.76  -0.141     -92      14   93.3  18.28   17.3
orb             NY       2.00 4.00   58   31.0   0.96  -0.070     -28      43   74.9  17.91   16.9
range_rejection ASIA     0.50 1.50   32   21.9   0.80  -0.129     -20      66   40.1   3.91    3.7
range_rejection ASIA     0.50 2.50   32   15.6   0.91  -0.067      -9      75   41.2   3.91    3.7
range_rejection ASIA     0.75 2.25   27   22.2   0.85  -0.114     -18      76   42.3   5.73    5.4
range_rejection ASIA     0.75 3.00   25   16.0   0.69  -0.203     -39      51   59.8   5.83    5.5
range_rejection ASIA     1.00 2.00   23   30.4   0.84  -0.089     -20      78   36.1   7.81    7.4
range_rejection ASIA     1.00 3.00   19   10.5   0.34  -0.581     -87      19   84.6   7.73    7.3
range_rejection ASIA     1.50 2.00   22   36.4   0.75  -0.153     -41      51   55.8  11.80   11.2
range_rejection ASIA     1.50 3.00   16   18.8   0.45  -0.439     -86      20   83.3  11.85   11.2
range_rejection ASIA     1.50 4.50   22   22.7   0.84  -0.092     -33      46   66.4  11.80   11.2
range_rejection ASIA     2.00 3.00   13   23.1   0.45  -0.424     -86      20   83.0  15.50   14.7
range_rejection ASIA     2.00 4.00   15   20.0   0.49  -0.401     -98       7   94.0  15.80   14.9
range_rejection LATE     0.50 1.50    7   71.4   8.06   1.856      64     106    4.1   4.77    4.5
range_rejection LATE     0.50 2.50    7   57.1   9.44   2.426      97     106    5.9   4.77    4.5
range_rejection LATE     0.75 2.25    7   71.4   9.84   1.856     103     106    9.1   7.15    6.8
range_rejection LATE     0.75 3.00    7   71.4  13.14   2.570     141     106    8.5   7.15    6.8
range_rejection LATE     1.00 2.00    7   85.7  10.60   1.571     102     106    7.8   9.53    9.0
range_rejection LATE     1.00 3.00    7   71.4   9.86   1.856     138     106   11.4   9.53    9.0
range_rejection LATE     1.50 2.00    7   85.7   7.07   1.000      96     106   11.7  14.30   13.5
range_rejection LATE     1.50 3.00    7   85.7  10.58   1.571     152     106   10.5  14.30   13.5
range_rejection LATE     1.50 4.50    7   57.1   3.09   1.285     103     106   20.1  14.30   13.5
range_rejection LATE     2.00 3.00    7   85.7   7.93   1.143     147     106   14.0  19.06   18.0
range_rejection LATE     2.00 4.00    7   71.4   4.64   1.143     146     106   12.7  19.06   18.0
range_rejection LONDON   0.50 1.50   30   20.0   0.76  -0.204     -22      84   32.3   3.77    3.6
range_rejection LONDON   0.50 2.50   31   16.1   0.95  -0.037      -5     101   29.9   3.76    3.6
range_rejection LONDON   0.75 2.25   27   22.2   0.87  -0.114     -15      91   31.8   5.66    5.3
range_rejection LONDON   0.75 3.00   29   20.7   1.05   0.032       7     106   27.1   5.69    5.4
range_rejection LONDON   1.00 2.00   25   32.0   1.07  -0.042       8     106   25.1   7.63    7.2
range_rejection LONDON   1.00 3.00   28   28.6   1.34   0.141      51     106   20.4   7.67    7.3
range_rejection LONDON   1.50 2.00   23   47.8   1.36   0.115      47     106   26.2  11.40   10.8
range_rejection LONDON   1.50 3.00   24   45.8   1.88   0.374     124     106   19.4  11.39   10.8
range_rejection LONDON   1.50 4.50   24   33.3   1.60   0.332     108     106   26.2  11.39   10.8
range_rejection LONDON   2.00 3.00   22   50.0   1.64   0.249     104     106   26.3  15.35   14.5
range_rejection LONDON   2.00 4.00   22   40.9   1.38   0.226      75     106   37.9  15.35   14.5
range_rejection NY       0.50 1.50   27   25.9   1.24   0.033      21      99   31.9   4.59    4.3
range_rejection NY       0.50 2.50   27   18.5   1.40   0.107      39      67   37.0   4.59    4.3
range_rejection NY       0.75 2.25   26   34.6   1.73   0.383      83      84   21.0   6.89    6.5
range_rejection NY       0.75 3.00   25   24.0   1.36   0.198      47      71   33.3   6.90    6.5
range_rejection NY       1.00 2.00   24   45.8   1.89   0.374     103      91   18.0   9.31    8.8
range_rejection NY       1.00 3.00   24   33.3   1.51   0.332      76      80   24.6   9.31    8.8
range_rejection NY       1.50 2.00   23   52.2   1.70   0.217     100      84   22.2  13.99   13.2
range_rejection NY       1.50 3.00   22   40.9   1.45   0.226      81      67   36.9  14.02   13.3
range_rejection NY       1.50 4.50   19   31.6   1.36   0.262      67      67   36.9  14.06   13.3
range_rejection NY       2.00 3.00   20   40.0   1.06  -0.001      14      54   52.7  19.02   18.0
range_rejection NY       2.00 4.00   19   36.8   1.24   0.105      54      54   52.2  19.37   18.3
squeeze_break   ASIA     0.50 1.50   96   29.2   1.17   0.163      43      86   24.6   3.76    3.6
squeeze_break   ASIA     0.50 2.50   91   23.1   1.46   0.380     120      90   19.9   3.71    3.5
squeeze_break   ASIA     0.75 2.25   66   30.3   1.22   0.209      55      58   46.5   5.38    5.1
squeeze_break   ASIA     0.75 3.00   67   26.9   1.37   0.340     101      82   31.6   5.46    5.2
squeeze_break   ASIA     1.00 2.00   20   15.0   0.32  -0.552     -94      12   88.6   7.91    7.5
squeeze_break   ASIA     1.00 3.00   15    6.7   0.15  -0.736     -92      14   87.0   7.55    7.1
squeeze_break   ASIA     1.50 2.00   48   39.6   0.80  -0.078     -67      36   74.2  10.94   10.4
squeeze_break   ASIA     1.50 3.00   43   32.6   0.88  -0.025     -39      46   69.6  10.96   10.4
squeeze_break   ASIA     1.50 4.50   52   36.5   1.67   0.460     244     106   34.7  10.92   10.3
squeeze_break   ASIA     2.00 3.00   47   46.8   1.21   0.169      78     105   38.6  14.41   13.6
squeeze_break   ASIA     2.00 4.00   49   46.9   1.74   0.407     285     106   26.5  14.64   13.8
squeeze_break   LATE     0.50 1.50    1  100.0    inf   3.000      17     106    0.0   5.58    5.3
squeeze_break   LATE     0.50 2.50    1    0.0   0.00  -1.004      -6     100    5.3   5.58    5.3
squeeze_break   LATE     0.75 2.25    1    0.0   0.00  -1.002      -8      97    7.9   8.36    7.9
squeeze_break   LATE     0.75 3.00    1    0.0   0.00  -1.002      -8      97    7.9   8.36    7.9
squeeze_break   LATE     1.00 2.00    1    0.0   0.00  -1.002     -11      95   10.6  11.15   10.5
squeeze_break   LATE     1.00 3.00    1    0.0   0.00  -1.002     -11      95   10.6  11.15   10.5
squeeze_break   LATE     1.50 2.00    1  100.0    inf   1.333      21     106    0.0  16.73   15.8
squeeze_break   LATE     1.50 3.00    1    0.0   0.00  -1.001     -18      87   17.3  16.73   15.8
squeeze_break   LATE     1.50 4.50    1    0.0   0.00  -1.001     -18      87   17.3  16.73   15.8
squeeze_break   LATE     2.00 3.00    1  100.0    inf   1.500      32     106    0.0  22.30   21.1
squeeze_break   LATE     2.00 4.00    1  100.0    inf   2.000      43     106    0.0  22.30   21.1
squeeze_break   LONDON   0.50 1.50   31   25.8   1.05   0.028       5      98   22.6   3.77    3.6
squeeze_break   LONDON   0.50 2.50   28   14.3   0.85  -0.148     -13      83   25.8   3.81    3.6
squeeze_break   LONDON   0.75 2.25   24   16.7   0.59  -0.336     -46      49   53.2   5.61    5.3
squeeze_break   LONDON   0.75 3.00   23   13.0   0.64  -0.351     -41      49   53.2   5.65    5.3
squeeze_break   LONDON   1.00 2.00   22   22.7   0.67  -0.320     -40      38   63.9   7.30    6.9
squeeze_break   LONDON   1.00 3.00   21   19.0   0.71  -0.240     -37      38   63.9   7.35    6.9
squeeze_break   LONDON   1.50 2.00   22   31.8   0.76  -0.259     -37      64   43.6  10.94   10.4
squeeze_break   LONDON   1.50 3.00   21   28.6   0.89  -0.144     -18      64   39.1  11.02   10.4
squeeze_break   LONDON   1.50 4.50   20   25.0   1.24  -0.002      36      64   39.1  10.77   10.2
squeeze_break   LONDON   2.00 3.00   21   42.9   1.35   0.071      58      92   24.9  14.69   13.9
squeeze_break   LONDON   2.00 4.00   21   33.3   1.16  -0.001      31      92   41.7  14.77   14.0
squeeze_break   NY       0.50 1.50   59   27.1   1.16   0.081      30      83   21.4   4.46    4.2
squeeze_break   NY       0.50 2.50   55   18.2   1.13   0.087      25      83   33.1   4.42    4.2
squeeze_break   NY       0.75 2.25   53   24.5   0.98  -0.021      -7      91   47.2   6.67    6.3
squeeze_break   NY       0.75 3.00   53   22.6   1.19   0.130      51      91   35.7   6.61    6.3
squeeze_break   NY       1.00 2.00   52   30.8   0.94  -0.079     -18      76   55.3   9.14    8.6
squeeze_break   NY       1.00 3.00   48   29.2   1.30   0.165      92      95   33.9   9.05    8.6
squeeze_break   NY       1.50 2.00   39   41.0   1.01  -0.044       4      68   46.4  13.88   13.1
squeeze_break   NY       1.50 3.00   42   35.7   1.19   0.070      69      76   35.6  13.57   12.8
squeeze_break   NY       1.50 4.50   34   26.5   1.22   0.058      74      62   41.7  13.67   12.9
squeeze_break   NY       2.00 3.00   41   43.9   1.23   0.097      96      87   35.8  18.14   17.2
squeeze_break   NY       2.00 4.00   34   35.3   1.27   0.058     103      47   55.6  18.28   17.3
